Alice,06.00,08.40,11.20,14.00,16.40,19.20,22.00,-
National Stadium,06.10,08.50,11.30,14.10,16.50,19.30,22.10,-
Siam,06.20,09.00,11.40,14.20,17.00,19.40,22.20,-
Sleep,06.30,09.10,11.50,14.30,17.10,19.50,22.30,-
Ratchadamri,06.40,09.20,12.00,14.40,17.20,20.00,22.40,-
Sala Daeng,06.50,09.30,12.10,14.50,17.30,20.10,22.50,-
Chong Nonsi,07.00,09.40,12.20,15.00,17.40,20.20,23.00,-
Surasuk,07.10,09.50,12.30,15.10,17.50,20.30,23.10,-
Saphan Taksin,07.20,10.00,12.40,15.20,18.00,20.40,23.20,-
Krung Thon Buri,07.30,10.10,12.50,15.30,18.10,20.50,23.30,-
Wongwian Yai,07.40,10.20,13.00,15.40,18.20,21.00,23.40,-
Pho Nimit,07.50,10.30,13.10,15.50,18.30,21.10,23.50,-
Talat Phlu,08.00,10.40,13.20,16.00,18.40,21.20,-
Wutthakat,08.10,10.50,13.30,16.10,18.50,21.30,-
Maimeewanpakloey,08.20,11.00,13.40,16.20,19.00,21.40,-
Go to Our Dream!,08.30,11.10,13.50,16.30,19.10,21.50,-
